0.000000000000000000e+00 0.000000000000000000e+00
5.616622565729273257e-03 2.167050941483701231e-04
1.396417849166602457e-02 7.029846002127988725e-04
2.807380529930957741e-02 2.561526604835901583e-03
4.983964044397542342e-02 7.419092716868615212e-03
7.295640130326377926e-02 1.208490350708722391e-02
1.022044545954712974e-01 2.221621455697994629e-02
1.361714078843960507e-01 3.460082986189309817e-02
1.867771100867142986e-01 6.030409521386362326e-02
2.380178506730711019e-01 9.188932654953679835e-02
2.806989034604203126e-01 1.186301717811300976e-01
3.590168586749361013e-01 1.842907174887224164e-01
4.253631249414238091e-01 2.436437081508917302e-01
4.917794551625075394e-01 3.013555844479011148e-01
5.498863907108422211e-01 3.769327371884766409e-01
6.509075828213115589e-01 4.905036480470386651e-01
7.164795156190882919e-01 5.703185795140424119e-01
8.086920579096865680e-01 6.991921775199019251e-01
9.487036146011295079e-01 9.311806042574426456e-01
1.000000000000000000e+00 1.000000000000000000e+00
